tot iters clipper 1
F 2.07266
u  0.435152
 0.242716
        0
 0.378994
 0.642978
        0
        0
        0
 0.435152
0.0711599
0.0159379
        0
d 0.33119
break! 0.459745  1e-08  1.51962  1e-09

tot iters clipper 2
F 2.67639
u  0.532053
 0.103821
        0
 0.152719
 0.625987
        0
        0
        0
 0.532053
0.0887579
        0
        0
d 0.33119
break! 0.300207  1e-08  0.603736  1e-09

tot iters clipper 3
F 3.0221
u  0.555424
        0
        0
        0
 0.611311
        0
        0
        0
 0.555424
0.0964762
        0
        0
d 0.33119
break! 0.188333  1e-08  0.345713  1e-09

tot iters clipper 4
F 3.0231
u 0.558263
       0
       0
       0
0.604084
       0
       0
       0
0.558263
 0.10848
       0
       0
d 0.33119
break! 0.0145753  1e-08  0.000994806  1e-09

tot iters clipper 5
F 3.0232
u 0.557513
       0
       0
       0
0.604796
       0
       0
       0
0.557513
0.112167
       0
       0
d 0.33119
break! 0.00390236  1e-08  9.96292e-05  1e-09